10 5 3
localhost:1234
localhost:1235
localhost:1236 0
localhost:1237 1
localhost:1238 2
10 5
-0.49490189906 0.204027068031 1.0 -0.0048744428595 0.101856000869
0.49217428514 0.233090721372 -0.0370213771185 0.657720359628 0.525310770733
0.39721227919 -0.470002959473 0.277398798616 0.726013362994 0.498046786861
-0.595183792269 -0.0827269428691 -0.227611333929 0.80744916955 0.543968791627
-0.419150270985 0.292994257369 -0.0232190555386 -0.108185527543 0.238913650953
-0.247990663017 -1.0 -0.0241769053355 -0.842345696475 -1.0
-1.0 0.437037219652 -0.140750839011 1.0 -0.0679355153937
0.777015345458 0.981488358907 0.2870338525 0.579832272908 -0.262265338898
-0.0431656936622 0.0910166551363 -0.0724090181375 -0.144008713528 0.202706144381
-0.470188350902 -0.261201944989 -0.0468243599479 0.944605903172 0.455480894023
10
0.463624257142 1.03914869701 0.641866385451 -0.289962112725 -0.328203220996 -1.64668349374 -0.205128259075 2.13151959591 -0.129983842519 -0.0766970254399
